43
375
393
469
666
722
843
872
921
1054
1284
1524
1607
1608
1689
1744
1921
2142
2435
2456
2508
2605
2643
2836
2872
3014
3077
3302
3325
3415
3503
3633
3700
3753
3838
3949
4181
4401
4598
4711
4822
4833
4860
4956
5028
5214
5508
5522
5657
5767
6408
6538
6800
6848
7031
7158
7342
7384
7650
7687
7794
7877
7882
8221
8341
8473
8735
8741
8899
8927
8969
9178
9309
9689
9848
9892
10353
10617
10733
10906
11063
11181
11574
11637
11756
11891
12020
12106
12608
13840
13921
13974
14403
14455
14778
14827
14907
14910
14947
15308
15354
15547
15604
15683
15893
15933
16395
16454
16578
16604
16694
16832
17115
17227
17378
17402
17531
17673
17716
17738
17799
18037
18406
18493
18547
18689
18992
19159
19348
19379
19446
19476
19627
19906
20059
20177
20600
20674
20713
20950
21124
21338
22245
22374
22491
22585
22630
22644
22777
22798
22904
22965
23439
23457
23459
23639
23714
23751
23883
24034
24069
24355
24631
24799
25129
25134
25290
25379
25506
25569
25676
25980
26178
26283
26332
26359
26399
26441
26452
26485
26662
26679
26868
26957
26981
27054
27086
27199
27447
27551
27640
27764
27930
28084
28217
28762
28837
29108
29205
29469
29602
30164
30207
30224
30249
30261
30447
30582
30920
31092
31261
31365
31490
31496
31666
32105
32339
32452
32562
32670
32885
32960
32999
33254
33337
33422
33454
33512
33743
33794
33956
34058
34422
34534
34760
35013
35060
35083
35130
35314
35396
35524
35644
35710
36121
36211
36395
36425
36503
36518
36764
36800
36832
37215
37359
37731
37748
37806
37930
37936
38008
38255
38461
38588
38645
39799
39951
40146
40610
40713
40739
40740
40937
40997
41003
41175
41257
41479
41582
41665
41982
42150
42315
42319
42326
42333
43294
43432
43551
43568
43644
43657
43877
43967
44154
44296
44599
44759
44953
45048
45072
45168
45556
46101
46146
46489
46545
46784
47149
47578
47621
47624
47709
47950
48155
48204
48450
48583
48745
48764
48822
48891
48930
49097
49195
49386
49722
49787
49962
50197
50207
50301
50432
50847
50896
50981
51227
51296
51493
51556
51663
51825
51849
51898
52007
52024
52044
52116
52137
52284
52532
52722
52765
52991
52992
53021
53124
53215
53373
53490
53540
53656
53881
53969
54113
54173
54288
54363
54469
54550
54631
55077
55186
55381
55394
55482
55550
55617
55689
55783
56009
56020
56376
56434
56524
56691
56827
56978
57109
57215
57216
57252
57541
57718
57819
57924
58223
58297
59253
60447
60483
61010
61099
61753
62187
62533
62645
63364
63688
63894
64273
64567
64588
64832
65146
65252
66358
66564
67929
68326
68791
69216
70666
70703
70795
71365
71777
71941
73042
74260
74368
74570
74765
75289
75608
75748
76486
76711
77004
