43
90
393
468
469
521
653
666
722
843
872
921
1054
1227
1607
1608
1744
1921
2142
2435
2456
2665
2836
2922
2963
3077
3121
3302
3415
3503
3563
3633
3700
3753
3838
4134
4181
4244
4388
4598
4860
4872
4882
5214
5228
5522
5657
5767
6408
6538
6585
6868
6883
7031
7342
7650
7687
7748
7794
7877
8266
8473
8899
8904
8927
8969
9178
9298
9689
9848
9892
10258
10353
10617
10733
10906
11063
11105
11181
11574
11756
11818
11851
12106
12608
13921
13974
14050
14403
14455
14827
14907
14910
14947
15008
15186
15308
15604
15683
15933
15934
16189
16395
16578
16832
17094
17115
17378
17402
17531
17673
17799
18017
18037
18406
18493
18547
18558
18659
18992
19348
19379
19627
20177
20347
20600
20674
20713
20780
21338
21378
21602
22106
22156
22374
22387
22491
22585
22798
22904
22965
23109
23457
23459
23751
23832
23883
23973
24034
24103
24306
24631
24799
25128
25129
25278
25322
25649
25676
26178
26283
26399
26452
26662
26679
26868
26957
26981
27054
27447
27524
27551
27612
27733
28762
28837
29205
29431
29469
29666
30116
30164
30207
30249
30447
30734
30795
30812
30920
30949
31261
31365
31367
31490
31863
31864
32105
32224
32339
32885
32999
33133
33254
33337
33422
33512
33743
33794
34422
34534
34753
34933
35013
35060
35083
35130
35314
35315
35396
35524
35644
35769
35770
36211
36395
36425
36440
36518
36672
36764
36849
37090
37215
37359
37739
37960
38008
38255
38461
38588
38645
38824
39785
39799
40146
40610
40713
40740
40937
41070
41121
41257
41479
41582
42150
42190
42315
42319
42333
43251
43294
43339
43432
43615
43644
43967
44077
44154
44470
44599
44759
44953
45048
45072
45168
45302
45508
45896
46146
46489
47149
47621
47709
47950
48155
48204
48450
48583
48745
48764
48822
48891
48930
49386
49469
49678
49740
49787
49962
50228
50301
50432
50847
50861
50981
51064
51082
51227
51493
51556
51663
51767
51825
51849
51898
52007
52024
52099
52116
52137
52284
52370
52486
52532
52596
52722
52843
52991
52992
53021
53490
53495
53540
53693
53881
53969
54146
54288
54468
54469
54550
54837
55077
55186
55330
55550
55783
55831
55966
56009
56020
56158
56268
56376
56434
56524
56767
56776
56978
56982
57109
57190
57252
57338
57541
57718
57819
57924
58223
58298
58426
59253
59274
59733
60017
60483
61010
61099
61421
61619
61753
61792
61852
61906
61936
62187
62533
62645
