227
434
518
567
609
762
852
915
919
1150
1275
1351
1443
2006
2050
2166
2204
2386
2422
2428
2474
2656
2922
2936
3147
3324
3655
3946
4467
4479
4622
4764
4904
5027
5031
5052
5063
5155
5200
5303
5398
5860
6037
6529
6530
6542
6641
7406
7809
8003
8318
8343
8373
8409
8562
8850
8887
9008
9017
9109
9296
9306
9452
9499
9691
9699
9807
9810
9814
9833
9971
9997
10179
10206
10231
10364
10697
10744
10760
10887
11103
11218
11434
11445
11502
11508
11599
11610
11733
11793
12003
12438
12444
12634
12731
12747
12816
12847
12859
12926
12965
13207
13260
13325
13441
13704
13899
13958
13974
14061
14250
14330
14507
14540
14588
14704
14737
14871
14969
14977
15007
15068
15079
15356
15375
15611
15633
15791
15900
15902
16120
16125
16393
16759
16777
16857
16862
17048
17548
17686
17791
17804
18008
18168
18329
18340
18471
18523
18737
18775
18919
19015
19024
19340
19491
19702
19989
20005
20053
20273
20328
20453
20475
20504
20603
20618
20639
20881
21071
21094
21119
21203
21236
21383
21460
21484
21515
21668
21977
22398
22430
22446
22539
22546
22595
22843
22862
23569
23589
23716
24027
24331
24339
24540
24715
24878
25145
25340
25434
25498
26073
26123
26572
26711
26956
27101
27239
27289
27624
27726
27817
28149
28167
28412
29173
29454
29471
29516
29533
29648
30092
30670
30738
30858
30919
31153
31162
31433
31499
31532
32168
32210
32263
32268
32400
32455
32623
32668
32673
32779
33033
33072
33088
33142
33219
33411
33441
33858
33888
33919
33965
34095
34522
34800
35025
35691
35700
35863
35979
36022
36146
36214
36276
36429
36734
36876
36909
36979
37326
37388
37415
37466
37580
37693
37869
37916
37994
38123
38144
38359
38390
38435
38613
38682
38746
38806
38856
38905
38944
39175
39312
39331
39436
39492
39592
39841
39850
39981
40038
40083
40447
40574
40643
40645
40692
40891
41562
42114
42336
42383
42512
42917
43354
43438
43441
43469
43486
43537
43589
43662
43990
44127
44145
44741
45230
45344
45482
45787
45803
45879
46424
46912
47166
47221
47317
47476
47486
47516
47592
47625
47918
47929
48098
48114
48119
48186
48545
48644
48657
48818
48929
49019
49058
49082
49350
49365
49428
49441
49473
49523
49795
49798
49903
50127
50234
50316
50495
50562
50748
50781
51074
51187
51254
51332
52134
52452
52595
53253
53675
53816
53858
54013
54094
54264
54358
54458
54505
54765
