47
269
434
460
485
493
518
522
567
609
647
674
693
704
762
792
852
874
915
954
957
964
965
967
969
1095
1140
1275
1443
1514
1531
1535
1617
1724
1762
1787
1864
1958
1969
2006
2081
2140
2199
2204
2249
2264
2273
2358
2387
2422
2472
2474
2636
2709
2744
2758
2922
2995
3031
3128
3147
3177
3257
3291
3324
3329
3404
3420
3528
3542
3556
3571
3585
3612
3626
3655
3774
3814
3852
3946
4000
4023
4052
4069
4146
4153
4186
4283
4335
4341
4397
4401
4411
4467
4479
4534
4691
4764
4801
4817
4821
4831
4867
4894
4954
5027
5055
5063
5064
5091
5142
5155
5164
5181
5193
5200
5299
5303
5362
5379
5398
5417
5430
5437
5452
5456
5465
5483
5562
5598
5828
5860
5861
5888
5978
6030
6090
6234
6242
6286
6408
6416
6514
6515
6529
6530
6542
6893
7210
7333
7406
7504
7624
7789
7809
7896
7915
7921
7931
7977
8003
8030
8163
8165
8318
8343
8384
8409
8472
8562
8615
8634
8816
8857
8887
9008
9017
9109
9225
9296
9359
9442
9490
9565
9602
9667
9691
9699
9702
9797
9805
9807
9810
9814
9833
9964
9967
9994
9997
10078
10115
10179
10201
10206
10231
10252
10394
10444
10447
10510
10539
10580
10688
10697
10747
10753
10763
11058
11098
11112
11138
11218
11246
11342
11445
11457
11463
11502
11508
11515
11553
11599
11607
11610
11632
11717
11733
11752
11772
11779
11865
11879
11885
11971
12003
12007
12084
12135
12166
12176
12341
12438
12451
12460
12520
12538
12612
12634
12731
12747
12782
12816
12825
12827
12854
12856
12859
12893
12922
12945
12965
13052
13117
13125
13132
13196
13207
13260
13286
13325
13363
13412
13441
13496
13507
13535
13542
13617
13640
13672
13704
13711
13867
13894
13918
13958
13974
13982
14019
14061
14116
14152
14168
14225
14232
14250
14304
14310
14330
14334
14349
14507
14526
14540
14569
14588
14627
14653
14661
14684
14704
14712
14737
14755
14765
14865
14871
14895
14934
14969
15007
15051
15079
15108
15142
15157
15356
15375
15532
15597
15611
15615
15633
15791
15804
15900
16000
16061
16120
16124
16125
16231
16324
16349
16384
16392
16446
16462
16539
16548
16597
16619
16675
16759
16833
16857
16868
16907
17049
17186
17315
17355
17477
17511
17567
17602
17705
17791
17804
17806
17871
18028
18042
18169
18172
18329
18340
18435
18471
18478
18612
18726
18737
18769
18775
18854
18875
18910
18919
19024
19031
19233
19250
19330
19340
19346
19439
19467
19491
19723
19782
19794
19796
19879
19981
20005
20044
20066
20074
20151
20176
20221
20328
20427
20430
20474
20545
20587
20603
20618
20653
20684
20734
20761
20796
20807
20865
20886
20932
20983
21033
21066
21071
21091
21094
21119
21203
21236
21278
21411
21437
21470
21484
21486
21565
21588
21626
21790
21828
21850
21949
22107
22244
22294
22298
22309
22344
22384
22398
22446
22467
22494
22525
22539
22698
22824
22841
23047
23064
23136
23190
23387
23446
23549
23552
23625
23695
23710
23716
23718
23724
23730
23749
23783
23866
23926
23972
24017
24027
24055
24206
24307
24339
24382
24393
24425
24536
24540
24561
24713
24877
24878
24954
25145
25284
25434
25498
25573
25824
25948
26226
26428
26512
26535
26555
26711
26854
26933
27070
27096
27101
27108
27289
27349
27418
27464
27485
27726
27839
27954
28127
28159
28167
28230
28341
28412
28425
28459
28607
28610
28826
28889
28956
28965
29020
29023
29118
29420
29453
29454
29471
29473
29516
29531
29574
29648
29716
29953
29980
30020
30057
30092
30095
30296
30323
30399
30401
30418
30420
30436
30694
30738
30919
30971
31010
31153
31162
31433
31489
31499
31514
31517
31527
31532
31749
31816
32094
32102
32168
32210
32248
32283
32358
32400
32451
32455
32470
32558
32566
32576
32589
32623
32641
32668
32811
32956
33033
33088
33138
33142
33155
33319
33323
33346
33408
33441
33736
33772
33858
33888
33965
34095
34106
34163
34181
34184
34223
34242
34380
34397
34539
34587
34707
34725
34808
34914
34934
34994
35025
35178
35268
35325
35515
35554
35575
35691
35700
35704
35749
35821
35850
35863
35920
35957
35961
35979
35993
36091
36146
36214
36246
36265
36429
36467
36471
36580
36629
36635
36801
36940
36953
36979
36988
37018
37124
37172
37191
37345
37376
37388
37400
37415
37466
37473
37501
37647
37807
37855
37860
37906
37916
37982
37994
38062
38080
38092
38121
38123
38144
38206
38268
38276
38304
38395
38415
38461
38471
38488
38527
38571
38598
38613
38682
38713
38746
38772
38806
38813
38834
38856
38860
39136
39139
39171
39175
39212
39213
39342
39347
39448
39537
39584
39592
39673
39720
39760
39787
39841
39961
39981
39999
40007
40045
40083
40102
40230
40295
40388
40396
40423
40429
40486
40560
40645
40652
40689
40692
40737
40742
40748
40839
40848
40885
40973
41014
41214
41254
41513
41766
41928
41946
42048
42114
42336
42383
42390
42476
42511
42512
42652
42657
42739
42911
42917
42924
43071
43084
43199
43301
43331
43438
43441
43466
43469
43486
43537
43742
43770
43893
43985
44111
44145
44254
44343
44354
44428
44595
44622
44708
44762
44778
45046
45053
45106
45128
45149
45187
45192
45221
45226
45230
45254
45327
45344
45482
45511
45677
45739
45743
45787
45799
45878
45936
45998
46004
46066
46173
46246
46248
46290
46310
46424
46430
46583
46628
46677
46703
46729
46761
46771
46779
46817
46835
46838
46841
46885
46888
46896
46912
46987
47068
47122
47137
47146
47148
47166
47191
47207
47317
47337
47390
47421
47460
47476
47516
47560
47574
47592
47605
47625
47658
47677
47714
47773
47831
47855
47884
47918
47989
48005
48043
48098
48099
48114
48129
48186
48235
48251
48310
48320
48336
48364
48513
48538
48552
48570
48582
48603
48631
48644
48818
48845
48876
48929
49037
49049
49058
49082
49097
49138
49178
49267
49365
49428
49441
49473
49536
49572
49827
49903
50127
50234
50273
50285
50300
50316
50327
50419
50432
50495
50533
50562
50677
50727
50748
50868
50969
51074
51077
51136
51187
51252
51275
51332
51412
51440
51448
51526
51714
51833
52084
52134
52180
52317
52326
52452
52595
52637
52687
52903
52946
52998
53093
53162
53218
53253
53504
53567
53858
54045
54264
54312
54358
54382
54458
54489
54505
54532
54673
