269
295
516
567
609
762
1002
1351
1514
1535
1864
2249
2264
2358
2474
2555
2636
2656
2709
3027
3063
3335
3404
3528
3556
3571
3656
3759
3814
3836
4283
4335
4341
4598
4622
4740
4801
4830
5031
5060
5142
5299
5362
5379
5399
5465
5721
6200
6242
6416
6514
6754
6893
7230
7333
7406
7624
7789
7977
8165
8409
8634
8640
8850
8857
9565
9691
9748
9797
9805
9810
9814
9833
9967
9994
10125
10156
10179
10231
10580
10606
10614
10747
10753
10760
11116
11138
11218
11457
11507
11508
11575
11599
11607
11632
11648
11752
12003
12090
12460
12520
12634
12825
12854
12856
12859
12965
13196
13325
13412
13535
13617
13672
13788
13875
13894
13982
14020
14022
14102
14179
14334
14526
14588
14661
14684
14704
14737
14755
14895
15008
15144
15356
15418
15663
15791
16000
16061
16124
16312
16349
16469
16548
16759
16923
17108
17752
17818
18293
18430
18796
18919
19346
19467
19702
19782
19981
20221
20266
20500
20618
20807
20932
21094
21278
21366
21417
21465
21486
21611
21626
21637
21668
21790
21828
21915
22525
22681
22698
22862
22939
23064
23353
23387
23549
23716
23718
23749
23950
24017
24066
24156
24206
24393
24561
24877
24878
24987
25145
25434
26226
26555
26663
26704
27018
27289
27349
27624
27853
28159
28341
28425
28607
28956
28959
29045
29173
29507
29531
29533
29574
30092
30738
30971
31271
31489
31517
31532
31816
32168
32455
32470
32558
32566
32668
32736
33076
33088
33138
33319
33435
33441
33772
33891
33925
33965
34106
34242
34587
34800
34816
35025
35043
35268
35525
35575
35691
35749
35821
35850
35957
35993
36091
36214
36221
36246
36357
36663
36715
36801
36953
37124
37172
37191
37273
37345
37400
37415
37906
37929
38062
38390
38395
38488
38613
38772
38813
39021
39175
39312
39574
39592
39720
39888
39915
39999
40038
40295
40388
40521
40560
40645
40742
40800
40848
41060
41214
41411
41530
41562
41781
41890
42383
42476
42739
42924
43010
43071
43199
43486
43764
44111
44145
44161
44203
44254
44340
44354
44630
45101
45254
45327
45677
45781
45787
45842
45994
46014
46066
46248
46286
46310
46365
46628
46672
46703
46738
46771
46835
46912
46956
47137
47148
47191
47198
47207
47337
47460
47605
47819
47831
47918
48114
48320
48364
48409
48570
48574
48657
48818
49019
49049
49058
49178
49186
49674
49921
50064
50273
50316
50327
50562
50677
50748
50846
51502
51555
52084
52134
52595
52989
53061
53093
53567
53675
53816
53908
54358
54382
54458
54508
